[gd_scene load_steps=4 format=2]

[ext_resource path="res://Textures/road.jpeg" type="Texture" id=1]

[sub_resource type="SpatialMaterial" id=1]
albedo_texture = ExtResource( 1 )
metallic_specular = 1.0

[sub_resource type="BoxShape" id=2]

[node name="Road1" type="RigidBody"]
transform = Transform( -1, 0, 0, 0, 1, 0, 0, 0, 1, 0, 0, 0 )
mode = 1
mass = 0.00102041

[node name="CSGCombiner" type="CSGCombiner" parent="."]

[node name="Road" type="CSGBox" parent="CSGCombiner"]
width = 60.0
height = 0.5
depth = 60.0
material = SubResource( 1 )

[node name="NotRoad" type="CSGBox" parent="CSGCombiner"]
transform = Transform( 0.707107, 0, 0.707107, 0, 1, 0, -0.707107, 0, 0.707107, -16, 0, -16 )
operation = 2
width = 88.0
height = 0.5
depth = 60.0
material = SubResource( 1 )

[node name="NotRoad2" type="CSGBox" parent="CSGCombiner"]
transform = Transform( 0.707107, 0, 0.707107, 0, 1, 0, -0.707107, 0, 0.707107, 28.5, 0, 28.5 )
operation = 2
width = 20.0
height = 0.5
depth = 10.0
material = SubResource( 1 )

[node name="LeftRail" type="CSGBox" parent="CSGCombiner"]
transform = Transform( 0.707107, 0, 0.707107, 0, 1, 0, -0.707107, 0, 0.707107, 25, 0, 25 )
width = 15.0
height = 3.0
depth = 1.0

[node name="RightRail" type="CSGBox" parent="CSGCombiner"]
transform = Transform( 0.707107, 0, 0.707107, 0, 1, 0, -0.707107, 0, 0.707107, 5, 0, 5 )
width = 72.0
height = 3.0
depth = 1.0

[node name="LeftRailCollision" type="CollisionShape" parent="."]
transform = Transform( 5.3033, 0, 0.353553, 0, 3, 0, -5.3033, 0, 0.353553, 25, 0, 25 )
shape = SubResource( 2 )

[node name="RightRailCollision" type="CollisionShape" parent="."]
transform = Transform( 25.1023, 0, 0.353553, 0, 3, 0, -25.1023, 0, 0.353553, 5, 0, 5 )
shape = SubResource( 2 )
